J =

   0.69315
   0.69315
   0.69315
   0.69315
   0.69315
   0.69315
   0.69315
   0.69315
   0.69315
   0.69315
   0.69315
   0.69315
   0.69315
   0.69315
   0.69315
   0.69315
   0.69315
   0.69315
   0.69315
   0.69315
   0.69315
   0.69315
   0.69315
   0.69315
   0.69315
   0.69315
   0.69315
   0.69315
   0.69315
   0.69315
   0.69315
   0.69315
   0.69315
   0.69315
   0.69315
   0.69315
   0.69315
   0.69315
   0.69315
   0.69315
   0.69315
   0.69315
   0.69315
   0.69315
   0.69315
   0.69315
   0.69315
   0.69315
   0.69315
   0.69315
   0.69315
   0.69315
   0.69315
   0.69315
   0.69315
   0.69315
   0.69315
   0.69315
   0.69315
   0.69315
   0.69315
   0.69315
   0.69315
   0.69315
   0.69315
   0.69315
   0.69315
   0.69315
   0.69315
   0.69315
   0.69315
   0.69315
   0.69315
   0.69315
   0.69315
   0.69315
   0.69315
   0.69315
   0.69315
   0.69315
   0.69315
   0.69315
   0.69315
   0.69315
   0.69315
   0.69315
   0.69315
   0.69315
   0.69315
   0.69315
   0.69315
   0.69315
   0.69315
   0.69315
   0.69315
   0.69315
   0.69315
   0.69315
   0.69315
   0.69315

J =

   0.0069315
   0.0069315
   0.0069315
   0.0069315
   0.0069315
   0.0069315
   0.0069315
   0.0069315
   0.0069315
   0.0069315
   0.0069315
   0.0069315
   0.0069315
   0.0069315
   0.0069315
   0.0069315
   0.0069315
   0.0069315
   0.0069315
   0.0069315
   0.0069315
   0.0069315
   0.0069315
   0.0069315
   0.0069315
   0.0069315
   0.0069315
   0.0069315
   0.0069315
   0.0069315
   0.0069315
   0.0069315
   0.0069315
   0.0069315
   0.0069315
   0.0069315
   0.0069315
   0.0069315
   0.0069315
   0.0069315
   0.0069315
   0.0069315
   0.0069315
   0.0069315
   0.0069315
   0.0069315
   0.0069315
   0.0069315
   0.0069315
   0.0069315
   0.0069315
   0.0069315
   0.0069315
   0.0069315
   0.0069315
   0.0069315
   0.0069315
   0.0069315
   0.0069315
   0.0069315
   0.0069315
   0.0069315
   0.0069315
   0.0069315
   0.0069315
   0.0069315
   0.0069315
   0.0069315
   0.0069315
   0.0069315
   0.0069315
   0.0069315
   0.0069315
   0.0069315
   0.0069315
   0.0069315
   0.0069315
   0.0069315
   0.0069315
   0.0069315
   0.0069315
   0.0069315
   0.0069315
   0.0069315
   0.0069315
   0.0069315
   0.0069315
   0.0069315
   0.0069315
   0.0069315
   0.0069315
   0.0069315
   0.0069315
   0.0069315
   0.0069315
   0.0069315
   0.0069315
   0.0069315
   0.0069315
   0.0069315

