ans =

   0.50000
   0.50000
   0.50000
   0.50000
   0.50000
   0.50000
   0.50000
   0.50000
   0.50000
   0.50000
   0.50000
   0.50000
   0.50000
   0.50000
   0.50000
   0.50000
   0.50000
   0.50000
   0.50000
   0.50000
   0.50000
   0.50000
   0.50000
   0.50000
   0.50000
   0.50000
   0.50000
   0.50000
   0.50000
   0.50000
   0.50000
   0.50000
   0.50000
   0.50000
   0.50000
   0.50000
   0.50000
   0.50000
   0.50000
   0.50000
   0.50000
   0.50000
   0.50000
   0.50000
   0.50000
   0.50000
   0.50000
   0.50000
   0.50000
   0.50000
   0.50000
   0.50000
   0.50000
   0.50000
   0.50000
   0.50000
   0.50000
   0.50000
   0.50000
   0.50000
   0.50000
   0.50000
   0.50000
   0.50000
   0.50000
   0.50000
   0.50000
   0.50000
   0.50000
   0.50000
   0.50000
   0.50000
   0.50000
   0.50000
   0.50000
   0.50000
   0.50000
   0.50000
   0.50000
   0.50000
   0.50000
   0.50000
   0.50000
   0.50000
   0.50000
   0.50000
   0.50000
   0.50000
   0.50000
   0.50000
   0.50000
   0.50000
   0.50000
   0.50000
   0.50000
   0.50000
   0.50000
   0.50000
   0.50000
   0.50000

residual =

   0.50000
   0.50000
   0.50000
  -0.50000
  -0.50000
   0.50000
  -0.50000
  -0.50000
  -0.50000
  -0.50000
   0.50000
   0.50000
  -0.50000
  -0.50000
   0.50000
  -0.50000
  -0.50000
   0.50000
  -0.50000
  -0.50000
   0.50000
  -0.50000
   0.50000
   0.50000
  -0.50000
  -0.50000
  -0.50000
   0.50000
   0.50000
   0.50000
  -0.50000
  -0.50000
   0.50000
  -0.50000
   0.50000
   0.50000
   0.50000
  -0.50000
   0.50000
   0.50000
  -0.50000
   0.50000
  -0.50000
   0.50000
   0.50000
   0.50000
  -0.50000
  -0.50000
  -0.50000
  -0.50000
  -0.50000
  -0.50000
  -0.50000
   0.50000
   0.50000
   0.50000
  -0.50000
   0.50000
  -0.50000
  -0.50000
  -0.50000
   0.50000
   0.50000
   0.50000
   0.50000
   0.50000
  -0.50000
   0.50000
  -0.50000
  -0.50000
   0.50000
  -0.50000
  -0.50000
  -0.50000
  -0.50000
  -0.50000
  -0.50000
  -0.50000
   0.50000
   0.50000
  -0.50000
  -0.50000
  -0.50000
  -0.50000
  -0.50000
  -0.50000
   0.50000
  -0.50000
  -0.50000
   0.50000
  -0.50000
  -0.50000
   0.50000
  -0.50000
  -0.50000
  -0.50000
  -0.50000
  -0.50000
  -0.50000
  -0.50000

J =  0.12500
grad =

  -0.050000  -6.004608  -5.631421

