J =

    1.677222
    9.163763
    2.350278
    5.303218
    6.876455
    3.744013
    7.524158
    0.863434
    8.704037
    1.778282
    0.058045
    2.931412
    7.758231
    9.416737
    1.230492
    4.645333
    0.890511
    1.368574
    8.717893
    1.248951
    2.089946
    7.096057
    4.137964
    8.315927
    5.383891
    2.528256
    1.314989
    0.088260
    1.769559
    3.281980
    2.894360
    4.502444
    1.279034
    0.851860
    1.883935
    2.699787
    0.074679
    5.023612
    1.121622
    2.229544
    4.059496
    4.332421
    8.002792
    0.438409
    4.635656
    1.419971
    5.534204
   12.899887
    7.768800
   12.052259
    6.822677
    8.054629
    2.847219
    5.022439
    4.000273
    2.234138
    9.301533
    0.178082
    4.822730
    6.052360
    8.231376
    7.539207
    4.904384
    8.069954
    1.932700
    2.550645
    3.625543
    3.830777
   10.479155
    1.740516
    8.794150
    4.426233
    9.714878
    2.774958
    2.991403
   10.439451
    3.190067
    1.504731
    3.439803
    0.316148
    7.743971
    4.122106
    2.841812
    0.420260
   10.265416
    6.813665
    0.605351
    9.180551
   11.056586
    1.601609
   10.250723
   11.591478
    5.792482
    7.867949
    3.087507
    2.462924
    2.016037
    9.618150
    0.720712
    8.861283

J =  4.7272
